"Year" "county" "Month" "urban_pop"
2004 "001" 1 1439912
2004 "001" 2 1440721
2004 "001" 3 1441567
2004 "001" 4 1442655
2004 "001" 5 1443849
2004 "001" 6 1444943
2004 "001" 7 1446096
2004 "001" 8 1447342
2004 "001" 9 1448584
2004 "001" 10 1449889
2004 "001" 11 1451016
2004 "001" 12 1452072
2004 "037" 1 9753918
2004 "037" 2 9759395
2004 "037" 3 9765127
2004 "037" 4 9772498
2004 "037" 5 9780582
2004 "037" 6 9787993
2004 "037" 7 9795808
2004 "037" 8 9804245
2004 "037" 9 9812660
2004 "037" 10 9821503
2004 "037" 11 9829134
2004 "037" 12 9836287
2004 "059" 1 2929892
2004 "059" 2 2931537
2004 "059" 3 2933259
2004 "059" 4 2935473
2004 "059" 5 2937901
2004 "059" 6 2940128
2004 "059" 7 2942475
2004 "059" 8 2945009
2004 "059" 9 2947537
2004 "059" 10 2950193
2004 "059" 11 2952486
2004 "059" 12 2954634
2004 "065" 1 1849083
2004 "065" 2 1850121
2004 "065" 3 1851208
2004 "065" 4 1852605
2004 "065" 5 1854138
2004 "065" 6 1855543
2004 "065" 7 1857024
2004 "065" 8 1858623
2004 "065" 9 1860219
2004 "065" 10 1861895
2004 "065" 11 1863342
2004 "065" 12 1864698
2004 "067" 1 1343512
2004 "067" 2 1344267
2004 "067" 3 1345056
2004 "067" 4 1346071
2004 "067" 5 1347185
2004 "067" 6 1348206
2004 "067" 7 1349282
2004 "067" 8 1350444
2004 "067" 9 1351603
2004 "067" 10 1352821
2004 "067" 11 1353872
2004 "067" 12 1354858
2004 "071" 1 1891435
2004 "071" 2 1892497
2004 "071" 3 1893609
2004 "071" 4 1895038
2004 "071" 5 1896606
2004 "071" 6 1898043
2004 "071" 7 1899558
2004 "071" 8 1901194
2004 "071" 9 1902826
2004 "071" 10 1904541
2004 "071" 11 1906021
2004 "071" 12 1907408
2004 "073" 1 2918235
2004 "073" 2 2919874
2004 "073" 3 2921589
2004 "073" 4 2923794
2004 "073" 5 2926213
2004 "073" 6 2928430
2004 "073" 7 2930768
2004 "073" 8 2933292
2004 "073" 9 2935810
2004 "073" 10 2938456
2004 "073" 11 2940739
2004 "073" 12 2942879
2004 "085" 1 1656485
2004 "085" 2 1657415
2004 "085" 3 1658388
2004 "085" 4 1659640
2004 "085" 5 1661013
2004 "085" 6 1662272
2004 "085" 7 1663599
2004 "085" 8 1665032
2004 "085" 9 1666461
2004 "085" 10 1667963
2004 "085" 11 1669258
2004 "085" 12 1670473
2005 "001" 1 1435692
2005 "001" 2 1436423
2005 "001" 3 1437293
2005 "001" 4 1438394
2005 "001" 5 1439598
2005 "001" 6 1440728
2005 "001" 7 1441967
2005 "001" 8 1443212
2005 "001" 9 1444522
2005 "001" 10 1445823
2005 "001" 11 1446837
2005 "001" 12 1448045
2005 "037" 1 9746643
2005 "037" 2 9751602
2005 "037" 3 9757510
2005 "037" 4 9764985
2005 "037" 5 9773155
2005 "037" 6 9780831
2005 "037" 7 9789241
2005 "037" 8 9797693
2005 "037" 9 9806585
2005 "037" 10 9815420
2005 "037" 11 9822299
2005 "037" 12 9830506
2005 "059" 1 2928119
2005 "059" 2 2929609
2005 "059" 3 2931383
2005 "059" 4 2933629
2005 "059" 5 2936084
2005 "059" 6 2938390
2005 "059" 7 2940916
2005 "059" 8 2943456
2005 "059" 9 2946127
2005 "059" 10 2948781
2005 "059" 11 2950848
2005 "059" 12 2953313
2005 "065" 1 1923942
2005 "065" 2 1924921
2005 "065" 3 1926087
2005 "065" 4 1927563
2005 "065" 5 1929175
2005 "065" 6 1930691
2005 "065" 7 1932351
2005 "065" 8 1934019
2005 "065" 9 1935774
2005 "065" 10 1937518
2005 "065" 11 1938876
2005 "065" 12 1940496
2005 "067" 1 1355291
2005 "067" 2 1355981
2005 "067" 3 1356802
2005 "067" 4 1357842
2005 "067" 5 1358978
2005 "067" 6 1360045
2005 "067" 7 1361214
2005 "067" 8 1362390
2005 "067" 9 1363626
2005 "067" 10 1364855
2005 "067" 11 1365811
2005 "067" 12 1366952
2005 "071" 1 1936032
2005 "071" 2 1937017
2005 "071" 3 1938190
2005 "071" 4 1939675
2005 "071" 5 1941298
2005 "071" 6 1942823
2005 "071" 7 1944493
2005 "071" 8 1946172
2005 "071" 9 1947939
2005 "071" 10 1949693
2005 "071" 11 1951060
2005 "071" 12 1952690
2005 "073" 1 2926446
2005 "073" 2 2927935
2005 "073" 3 2929708
2005 "073" 4 2931953
2005 "073" 5 2934406
2005 "073" 6 2936711
2005 "073" 7 2939236
2005 "073" 8 2941774
2005 "073" 9 2944443
2005 "073" 10 2947096
2005 "073" 11 2949161
2005 "073" 12 2951626
2005 "085" 1 1668510
2005 "085" 2 1669359
2005 "085" 3 1670371
2005 "085" 4 1671650
2005 "085" 5 1673049
2005 "085" 6 1674363
2005 "085" 7 1675803
2005 "085" 8 1677249
2005 "085" 9 1678772
2005 "085" 10 1680284
2005 "085" 11 1681462
2005 "085" 12 1682867
2006 "001" 1 1438209
2006 "001" 2 1439330
2006 "001" 3 1440317
2006 "001" 4 1441415
2006 "001" 5 1442479
2006 "001" 6 1443684
2006 "001" 7 1444951
2006 "001" 8 1446165
2006 "001" 9 1447510
2006 "001" 10 1448729
2006 "001" 11 1449871
2006 "001" 12 1451142
2006 "037" 1 9695653
2006 "037" 2 9703213
2006 "037" 3 9709869
2006 "037" 4 9717268
2006 "037" 5 9724442
2006 "037" 6 9732562
2006 "037" 7 9741108
2006 "037" 8 9749292
2006 "037" 9 9758360
2006 "037" 10 9766575
2006 "037" 11 9774272
2006 "037" 12 9782840
2006 "059" 1 2919523
2006 "059" 2 2921799
2006 "059" 3 2923804
2006 "059" 4 2926031
2006 "059" 5 2928192
2006 "059" 6 2930637
2006 "059" 7 2933210
2006 "059" 8 2935674
2006 "059" 9 2938405
2006 "059" 10 2940879
2006 "059" 11 2943196
2006 "059" 12 2945776
2006 "065" 1 2003628
2006 "065" 2 2005190
2006 "065" 3 2006566
2006 "065" 4 2008095
2006 "065" 5 2009577
2006 "065" 6 2011255
2006 "065" 7 2013021
2006 "065" 8 2014712
2006 "065" 9 2016586
2006 "065" 10 2018284
2006 "065" 11 2019875
2006 "065" 12 2021645
2006 "067" 1 1363613
2006 "067" 2 1364676
2006 "067" 3 1365613
2006 "067" 4 1366653
2006 "067" 5 1367662
2006 "067" 6 1368804
2006 "067" 7 1370006
2006 "067" 8 1371157
2006 "067" 9 1372432
2006 "067" 10 1373588
2006 "067" 11 1374670
2006 "067" 12 1375875
2006 "071" 1 1965564
2006 "071" 2 1967097
2006 "071" 3 1968446
2006 "071" 4 1969946
2006 "071" 5 1971400
2006 "071" 6 1973046
2006 "071" 7 1974779
2006 "071" 8 1976438
2006 "071" 9 1978276
2006 "071" 10 1979942
2006 "071" 11 1981502
2006 "071" 12 1983239
2006 "073" 1 2934485
2006 "073" 2 2936774
2006 "073" 3 2938788
2006 "073" 4 2941028
2006 "073" 5 2943199
2006 "073" 6 2945656
2006 "073" 7 2948243
2006 "073" 8 2950720
2006 "073" 9 2953465
2006 "073" 10 2955951
2006 "073" 11 2958280
2006 "073" 12 2960873
2006 "085" 1 1683812
2006 "085" 2 1685125
2006 "085" 3 1686281
2006 "085" 4 1687566
2006 "085" 5 1688812
2006 "085" 6 1690222
2006 "085" 7 1691706
2006 "085" 8 1693127
2006 "085" 9 1694702
2006 "085" 10 1696129
2006 "085" 11 1697466
2006 "085" 12 1698954
2007 "001" 1 1449613
2007 "001" 2 1450604
2007 "001" 3 1451536
2007 "001" 4 1452615
2007 "001" 5 1453662
2007 "001" 6 1454823
2007 "001" 7 1456094
2007 "001" 8 1457395
2007 "001" 9 1458709
2007 "001" 10 1459937
2007 "001" 11 1461198
2007 "001" 12 1462388
2007 "037" 1 9659699
2007 "037" 2 9666306
2007 "037" 3 9672517
2007 "037" 4 9679705
2007 "037" 5 9686683
2007 "037" 6 9694415
2007 "037" 7 9702886
2007 "037" 8 9711556
2007 "037" 9 9720313
2007 "037" 10 9728496
2007 "037" 11 9736897
2007 "037" 12 9744829
2007 "059" 1 2919340
2007 "059" 2 2921337
2007 "059" 3 2923214
2007 "059" 4 2925387
2007 "059" 5 2927496
2007 "059" 6 2929832
2007 "059" 7 2932392
2007 "059" 8 2935013
2007 "059" 9 2937659
2007 "059" 10 2940132
2007 "059" 11 2942671
2007 "059" 12 2945068
2007 "065" 1 2066484
2007 "065" 2 2067898
2007 "065" 3 2069226
2007 "065" 4 2070764
2007 "065" 5 2072257
2007 "065" 6 2073911
2007 "065" 7 2075723
2007 "065" 8 2077578
2007 "065" 9 2079451
2007 "065" 10 2081202
2007 "065" 11 2082999
2007 "065" 12 2084696
2007 "067" 1 1375371
2007 "067" 2 1376312
2007 "067" 3 1377196
2007 "067" 4 1378220
2007 "067" 5 1379213
2007 "067" 6 1380314
2007 "067" 7 1381520
2007 "067" 8 1382755
2007 "067" 9 1384002
2007 "067" 10 1385167
2007 "067" 11 1386363
2007 "067" 12 1387492
2007 "071" 1 1983810
2007 "071" 2 1985167
2007 "071" 3 1986443
2007 "071" 4 1987919
2007 "071" 5 1989352
2007 "071" 6 1990940
2007 "071" 7 1992680
2007 "071" 8 1994460
2007 "071" 9 1996258
2007 "071" 10 1997939
2007 "071" 11 1999664
2007 "071" 12 2001293
2007 "073" 1 2963269
2007 "073" 2 2965295
2007 "073" 3 2967201
2007 "073" 4 2969406
2007 "073" 5 2971546
2007 "073" 6 2973918
2007 "073" 7 2976517
2007 "073" 8 2979177
2007 "073" 9 2981863
2007 "073" 10 2984373
2007 "073" 11 2986950
2007 "073" 12 2989384
2007 "085" 1 1704849
2007 "085" 2 1706016
2007 "085" 3 1707112
2007 "085" 4 1708380
2007 "085" 5 1709612
2007 "085" 6 1710977
2007 "085" 7 1712472
2007 "085" 8 1714002
2007 "085" 9 1715547
2007 "085" 10 1716991
2007 "085" 11 1718474
2007 "085" 12 1719874
2008 "001" 1 1471127
2008 "001" 2 1472157
2008 "001" 3 1473220
2008 "001" 4 1474176
2008 "001" 5 1475318
2008 "001" 6 1476436
2008 "001" 7 1477636
2008 "001" 8 1478918
2008 "001" 9 1480164
2008 "001" 10 1481352
2008 "001" 11 1482495
2008 "001" 12 1483491
2008 "037" 1 9695074
2008 "037" 2 9701860
2008 "037" 3 9708867
2008 "037" 4 9715171
2008 "037" 5 9722697
2008 "037" 6 9730064
2008 "037" 7 9737972
2008 "037" 8 9746417
2008 "037" 9 9754632
2008 "037" 10 9762458
2008 "037" 11 9769991
2008 "037" 12 9776555
2008 "059" 1 2945418
2008 "059" 2 2947480
2008 "059" 3 2949609
2008 "059" 4 2951524
2008 "059" 5 2953810
2008 "059" 6 2956048
2008 "059" 7 2958451
2008 "059" 8 2961016
2008 "059" 9 2963512
2008 "059" 10 2965890
2008 "059" 11 2968178
2008 "059" 12 2970173
2008 "065" 1 2101027
2008 "065" 2 2102498
2008 "065" 3 2104016
2008 "065" 4 2105383
2008 "065" 5 2107014
2008 "065" 6 2108610
2008 "065" 7 2110324
2008 "065" 8 2112154
2008 "065" 9 2113934
2008 "065" 10 2115630
2008 "065" 11 2117263
2008 "065" 12 2118685
2008 "067" 1 1388698
2008 "067" 2 1389670
2008 "067" 3 1390673
2008 "067" 4 1391576
2008 "067" 5 1392654
2008 "067" 6 1393709
2008 "067" 7 1394842
2008 "067" 8 1396052
2008 "067" 9 1397229
2008 "067" 10 1398350
2008 "067" 11 1399429
2008 "067" 12 1400369
2008 "071" 1 1995487
2008 "071" 2 1996883
2008 "071" 3 1998326
2008 "071" 4 1999623
2008 "071" 5 2001172
2008 "071" 6 2002688
2008 "071" 7 2004316
2008 "071" 8 2006054
2008 "071" 9 2007745
2008 "071" 10 2009356
2008 "071" 11 2010906
2008 "071" 12 2012257
2008 "073" 1 3009676
2008 "073" 2 3011782
2008 "073" 3 3013957
2008 "073" 4 3015914
2008 "073" 5 3018251
2008 "073" 6 3020538
2008 "073" 7 3022993
2008 "073" 8 3025614
2008 "073" 9 3028164
2008 "073" 10 3030594
2008 "073" 11 3032932
2008 "073" 12 3034970
2008 "085" 1 1733797
2008 "085" 2 1735011
2008 "085" 3 1736264
2008 "085" 4 1737391
2008 "085" 5 1738737
2008 "085" 6 1740055
2008 "085" 7 1741469
2008 "085" 8 1742979
2008 "085" 9 1744448
2008 "085" 10 1745848
2008 "085" 11 1747195
2008 "085" 12 1748369
2009 "001" 1 1492770
2009 "001" 2 1493722
2009 "001" 3 1494726
2009 "001" 4 1495665
2009 "001" 5 1496688
2009 "001" 6 1497759
2009 "001" 7 1498885
2009 "001" 8 1500036
2009 "001" 9 1501311
2009 "001" 10 1502534
2009 "001" 11 1503702
2009 "001" 12 1504665
2009 "037" 1 9749721
2009 "037" 2 9755941
2009 "037" 3 9762501
2009 "037" 4 9768633
2009 "037" 5 9775313
2009 "037" 6 9782310
2009 "037" 7 9789663
2009 "037" 8 9797179
2009 "037" 9 9805504
2009 "037" 10 9813492
2009 "037" 11 9821126
2009 "037" 12 9827411
2009 "059" 1 2975677
2009 "059" 2 2977575
2009 "059" 3 2979577
2009 "059" 4 2981449
2009 "059" 5 2983487
2009 "059" 6 2985623
2009 "059" 7 2987867
2009 "059" 8 2990161
2009 "059" 9 2992702
2009 "059" 10 2995140
2009 "059" 11 2997470
2009 "059" 12 2999388
2009 "065" 1 2138460
2009 "065" 2 2139824
2009 "065" 3 2141263
2009 "065" 4 2142608
2009 "065" 5 2144073
2009 "065" 6 2145608
2009 "065" 7 2147221
2009 "065" 8 2148869
2009 "065" 9 2150696
2009 "065" 10 2152448
2009 "065" 11 2154122
2009 "065" 12 2155500
2009 "067" 1 1403178
2009 "067" 2 1404073
2009 "067" 3 1405017
2009 "067" 4 1405900
2009 "067" 5 1406861
2009 "067" 6 1407868
2009 "067" 7 1408926
2009 "067" 8 1410008
2009 "067" 9 1411206
2009 "067" 10 1412356
2009 "067" 11 1413454
2009 "067" 12 1414359
2009 "071" 1 2006206
2009 "071" 2 2007486
2009 "071" 3 2008836
2009 "071" 4 2010098
2009 "071" 5 2011472
2009 "071" 6 2012912
2009 "071" 7 2014425
2009 "071" 8 2015972
2009 "071" 9 2017685
2009 "071" 10 2019329
2009 "071" 11 2020899
2009 "071" 12 2022193
2009 "073" 1 3049418
2009 "073" 2 3051363
2009 "073" 3 3053415
2009 "073" 4 3055333
2009 "073" 5 3057422
2009 "073" 6 3059611
2009 "073" 7 3061911
2009 "073" 8 3064261
2009 "073" 9 3066865
2009 "073" 10 3069364
2009 "073" 11 3071751
2009 "073" 12 3073717
2009 "085" 1 1758341
2009 "085" 2 1759463
2009 "085" 3 1760646
2009 "085" 4 1761752
2009 "085" 5 1762957
2009 "085" 6 1764219
2009 "085" 7 1765545
2009 "085" 8 1766900
2009 "085" 9 1768402
2009 "085" 10 1769842
2009 "085" 11 1771219
2009 "085" 12 1772352
2010 "001" 1 1504973
2010 "001" 2 1505977
2010 "001" 3 1506906
2010 "001" 4 1507784
2010 "001" 5 1508749
2010 "001" 6 1509627
2010 "001" 7 1510597
2010 "001" 8 1511644
2010 "001" 9 1512755
2010 "001" 10 1513859
2010 "001" 11 1514762
2010 "001" 12 1515613
2010 "037" 1 9784164
2010 "037" 2 9790693
2010 "037" 3 9796732
2010 "037" 4 9802438
2010 "037" 5 9808713
2010 "037" 6 9814420
2010 "037" 7 9820730
2010 "037" 8 9827533
2010 "037" 9 9834757
2010 "037" 10 9841935
2010 "037" 11 9847804
2010 "037" 12 9853335
2010 "059" 1 2999673
2010 "059" 2 3001674
2010 "059" 3 3003526
2010 "059" 4 3005275
2010 "059" 5 3007199
2010 "059" 6 3008949
2010 "059" 7 3010883
2010 "059" 8 3012969
2010 "059" 9 3015184
2010 "059" 10 3017384
2010 "059" 11 3019184
2010 "059" 12 3020879
2010 "065" 1 2181960
2010 "065" 2 2183416
2010 "065" 3 2184763
2010 "065" 4 2186035
2010 "065" 5 2187434
2010 "065" 6 2188707
2010 "065" 7 2190114
2010 "065" 8 2191632
2010 "065" 9 2193243
2010 "065" 10 2194843
2010 "065" 11 2196152
2010 "065" 12 2197386
2010 "067" 1 1413811
2010 "067" 2 1414754
2010 "067" 3 1415627
2010 "067" 4 1416451
2010 "067" 5 1417358
2010 "067" 6 1418183
2010 "067" 7 1419095
2010 "067" 8 1420078
2010 "067" 9 1421122
2010 "067" 10 1422159
2010 "067" 11 1423007
2010 "067" 12 1423806
2010 "071" 1 2028071
2010 "071" 2 2029424
2010 "071" 3 2030676
2010 "071" 4 2031858
2010 "071" 5 2033159
2010 "071" 6 2034342
2010 "071" 7 2035650
2010 "071" 8 2037060
2010 "071" 9 2038558
2010 "071" 10 2040045
2010 "071" 11 2041262
2010 "071" 12 2042408
2010 "073" 1 3084455
2010 "073" 2 3086513
2010 "073" 3 3088417
2010 "073" 4 3090216
2010 "073" 5 3092194
2010 "073" 6 3093993
2010 "073" 7 3095982
2010 "073" 8 3098127
2010 "073" 9 3100405
2010 "073" 10 3102667
2010 "073" 11 3104518
2010 "073" 12 3106261
2010 "085" 1 1775392
2010 "085" 2 1776577
2010 "085" 3 1777673
2010 "085" 4 1778708
2010 "085" 5 1779847
2010 "085" 6 1780882
2010 "085" 7 1782027
2010 "085" 8 1783262
2010 "085" 9 1784573
2010 "085" 10 1785875
2010 "085" 11 1786940
2010 "085" 12 1787944
2011 "001" 1 1505552
2011 "001" 2 1506302
2011 "001" 3 1506974
2011 "001" 4 1507832
2011 "001" 5 1508677
2011 "001" 6 1509490
2011 "001" 7 1510487
2011 "001" 8 1511494
2011 "001" 9 1512624
2011 "001" 10 1513643
2011 "001" 11 1514562
2011 "001" 12 1515489
2011 "037" 1 9788054
2011 "037" 2 9792925
2011 "037" 3 9797296
2011 "037" 4 9802875
2011 "037" 5 9808369
2011 "037" 6 9813656
2011 "037" 7 9820139
2011 "037" 8 9826683
2011 "037" 9 9834028
2011 "037" 10 9840657
2011 "037" 11 9846627
2011 "037" 12 9852653
2011 "059" 1 3000884
2011 "059" 2 3002378
2011 "059" 3 3003717
2011 "059" 4 3005428
2011 "059" 5 3007112
2011 "059" 6 3008733
2011 "059" 7 3010721
2011 "059" 8 3012727
2011 "059" 9 3014979
2011 "059" 10 3017011
2011 "059" 11 3018842
2011 "059" 12 3020689
2011 "065" 1 2182930
2011 "065" 2 2184016
2011 "065" 3 2184991
2011 "065" 4 2186235
2011 "065" 5 2187461
2011 "065" 6 2188640
2011 "065" 7 2190086
2011 "065" 8 2191545
2011 "065" 9 2193183
2011 "065" 10 2194661
2011 "065" 11 2195993
2011 "065" 12 2197337
2011 "067" 1 1414319
2011 "067" 2 1415022
2011 "067" 3 1415654
2011 "067" 4 1416460
2011 "067" 5 1417254
2011 "067" 6 1418018
2011 "067" 7 1418955
2011 "067" 8 1419900
2011 "067" 9 1420962
2011 "067" 10 1421919
2011 "067" 11 1422782
2011 "067" 12 1423653
2011 "071" 1 2028870
2011 "071" 2 2029879
2011 "071" 3 2030785
2011 "071" 4 2031942
2011 "071" 5 2033081
2011 "071" 6 2034177
2011 "071" 7 2035520
2011 "071" 8 2036877
2011 "071" 9 2038399
2011 "071" 10 2039773
2011 "071" 11 2041011
2011 "071" 12 2042260
2011 "073" 1 3085658
2011 "073" 2 3087194
2011 "073" 3 3088571
2011 "073" 4 3090330
2011 "073" 5 3092062
2011 "073" 6 3093729
2011 "073" 7 3095773
2011 "073" 8 3097836
2011 "073" 9 3100151
2011 "073" 10 3102241
2011 "073" 11 3104123
2011 "073" 12 3106023
2011 "085" 1 1776117
2011 "085" 2 1777001
2011 "085" 3 1777794
2011 "085" 4 1778807
2011 "085" 5 1779804
2011 "085" 6 1780763
2011 "085" 7 1781939
2011 "085" 8 1783127
2011 "085" 9 1784460
2011 "085" 10 1785662
2011 "085" 11 1786746
2011 "085" 12 1787839
2012 "001" 1 1505454
2012 "001" 2 1506158
2012 "001" 3 1507021
2012 "001" 4 1507844
2012 "001" 5 1508631
2012 "001" 6 1509534
2012 "001" 7 1510480
2012 "001" 8 1511528
2012 "001" 9 1512655
2012 "001" 10 1513691
2012 "001" 11 1514639
2012 "001" 12 1515493
2012 "037" 1 9787414
2012 "037" 2 9791989
2012 "037" 3 9797605
2012 "037" 4 9802953
2012 "037" 5 9808067
2012 "037" 6 9813937
2012 "037" 7 9820089
2012 "037" 8 9826906
2012 "037" 9 9834228
2012 "037" 10 9840967
2012 "037" 11 9847129
2012 "037" 12 9852678
2012 "059" 1 3000688
2012 "059" 2 3002090
2012 "059" 3 3003812
2012 "059" 4 3005452
2012 "059" 5 3007020
2012 "059" 6 3008820
2012 "059" 7 3010706
2012 "059" 8 3012796
2012 "059" 9 3015040
2012 "059" 10 3017106
2012 "059" 11 3018995
2012 "059" 12 3020697
2012 "065" 1 2182787
2012 "065" 2 2183808
2012 "065" 3 2185060
2012 "065" 4 2186253
2012 "065" 5 2187393
2012 "065" 6 2188702
2012 "065" 7 2190074
2012 "065" 8 2191595
2012 "065" 9 2193228
2012 "065" 10 2194731
2012 "065" 11 2196105
2012 "065" 12 2197342
2012 "067" 1 1414226
2012 "067" 2 1414887
2012 "067" 3 1415699
2012 "067" 4 1416471
2012 "067" 5 1417210
2012 "067" 6 1418059
2012 "067" 7 1418947
2012 "067" 8 1419933
2012 "067" 9 1420990
2012 "067" 10 1421964
2012 "067" 11 1422855
2012 "067" 12 1423656
2012 "071" 1 2028737
2012 "071" 2 2029685
2012 "071" 3 2030850
2012 "071" 4 2031958
2012 "071" 5 2033018
2012 "071" 6 2034235
2012 "071" 7 2035510
2012 "071" 8 2036923
2012 "071" 9 2038441
2012 "071" 10 2039837
2012 "071" 11 2041115
2012 "071" 12 2042265
2012 "073" 1 3085456
2012 "073" 2 3086898
2012 "073" 3 3088669
2012 "073" 4 3090355
2012 "073" 5 3091967
2012 "073" 6 3093818
2012 "073" 7 3095757
2012 "073" 8 3097906
2012 "073" 9 3100214
2012 "073" 10 3102338
2012 "073" 11 3104281
2012 "073" 12 3106031
2012 "085" 1 1776001
2012 "085" 2 1776831
2012 "085" 3 1777850
2012 "085" 4 1778821
2012 "085" 5 1779749
2012 "085" 6 1780814
2012 "085" 7 1781930
2012 "085" 8 1783167
2012 "085" 9 1784496
2012 "085" 10 1785719
2012 "085" 11 1786837
2012 "085" 12 1787844
2013 "001" 1 1505814
2013 "001" 2 1506408
2013 "001" 3 1507085
2013 "001" 4 1507861
2013 "001" 5 1508547
2013 "001" 6 1509499
2013 "001" 7 1510392
2013 "001" 8 1511388
2013 "001" 9 1512493
2013 "001" 10 1513561
2013 "001" 11 1514610
2013 "001" 12 1515468
2013 "037" 1 9789752
2013 "037" 2 9793619
2013 "037" 3 9798018
2013 "037" 4 9803062
2013 "037" 5 9807526
2013 "037" 6 9813712
2013 "037" 7 9819517
2013 "037" 8 9825997
2013 "037" 9 9833181
2013 "037" 10 9840118
2013 "037" 11 9846943
2013 "037" 12 9852517
2013 "059" 1 3001405
2013 "059" 2 3002590
2013 "059" 3 3003939
2013 "059" 4 3005485
2013 "059" 5 3006854
2013 "059" 6 3008751
2013 "059" 7 3010530
2013 "059" 8 3012517
2013 "059" 9 3014719
2013 "059" 10 3016846
2013 "059" 11 3018939
2013 "059" 12 3020647
2013 "065" 1 2183309
2013 "065" 2 2184171
2013 "065" 3 2185152
2013 "065" 4 2186277
2013 "065" 5 2187273
2013 "065" 6 2188652
2013 "065" 7 2189947
2013 "065" 8 2191392
2013 "065" 9 2192994
2013 "065" 10 2194541
2013 "065" 11 2196063
2013 "065" 12 2197306
2013 "067" 1 1414564
2013 "067" 2 1415123
2013 "067" 3 1415758
2013 "067" 4 1416487
2013 "067" 5 1417132
2013 "067" 6 1418026
2013 "067" 7 1418865
2013 "067" 8 1419801
2013 "067" 9 1420839
2013 "067" 10 1421842
2013 "067" 11 1422828
2013 "067" 12 1423633
2013 "071" 1 2029222
2013 "071" 2 2030023
2013 "071" 3 2030935
2013 "071" 4 2031981
2013 "071" 5 2032906
2013 "071" 6 2034188
2013 "071" 7 2035392
2013 "071" 8 2036735
2013 "071" 9 2038224
2013 "071" 10 2039662
2013 "071" 11 2041076
2013 "071" 12 2042232
2013 "073" 1 3086193
2013 "073" 2 3087412
2013 "073" 3 3088799
2013 "073" 4 3090389
2013 "073" 5 3091796
2013 "073" 6 3093747
2013 "073" 7 3095577
2013 "073" 8 3097619
2013 "073" 9 3099884
2013 "073" 10 3102071
2013 "073" 11 3104223
2013 "073" 12 3105980
2013 "085" 1 1776425
2013 "085" 2 1777127
2013 "085" 3 1777925
2013 "085" 4 1778841
2013 "085" 5 1779650
2013 "085" 6 1780773
2013 "085" 7 1781826
2013 "085" 8 1783002
2013 "085" 9 1784306
2013 "085" 10 1785565
2013 "085" 11 1786803
2013 "085" 12 1787814
2014 "001" 1 1505396
2014 "001" 2 1506182
2014 "001" 3 1506918
2014 "001" 4 1507707
2014 "001" 5 1508583
2014 "001" 6 1509488
2014 "001" 7 1510415
2014 "001" 8 1511546
2014 "001" 9 1512661
2014 "001" 10 1513758
2014 "001" 11 1514785
2014 "001" 12 1515687
2014 "037" 1 9787041
2014 "037" 2 9792147
2014 "037" 3 9796931
2014 "037" 4 9802064
2014 "037" 5 9807757
2014 "037" 6 9813643
2014 "037" 7 9819666
2014 "037" 8 9827024
2014 "037" 9 9834269
2014 "037" 10 9841400
2014 "037" 11 9848077
2014 "037" 12 9853944
2014 "059" 1 3000574
2014 "059" 2 3002139
2014 "059" 3 3003605
2014 "059" 4 3005179
2014 "059" 5 3006925
2014 "059" 6 3008729
2014 "059" 7 3010576
2014 "059" 8 3012832
2014 "059" 9 3015053
2014 "059" 10 3017239
2014 "059" 11 3019286
2014 "059" 12 3021085
2014 "065" 1 2182704
2014 "065" 2 2183843
2014 "065" 3 2184910
2014 "065" 4 2186054
2014 "065" 5 2187324
2014 "065" 6 2188637
2014 "065" 7 2189980
2014 "065" 8 2191621
2014 "065" 9 2193237
2014 "065" 10 2194827
2014 "065" 11 2196316
2014 "065" 12 2197625
2014 "067" 1 1414172
2014 "067" 2 1414910
2014 "067" 3 1415601
2014 "067" 4 1416343
2014 "067" 5 1417166
2014 "067" 6 1418016
2014 "067" 7 1418886
2014 "067" 8 1419950
2014 "067" 9 1420996
2014 "067" 10 1422027
2014 "067" 11 1422992
2014 "067" 12 1423839
2014 "071" 1 2028660
2014 "071" 2 2029718
2014 "071" 3 2030710
2014 "071" 4 2031774
2014 "071" 5 2032954
2014 "071" 6 2034174
2014 "071" 7 2035422
2014 "071" 8 2036947
2014 "071" 9 2038449
2014 "071" 10 2039927
2014 "071" 11 2041311
2014 "071" 12 2042527
2014 "073" 1 3085339
2014 "073" 2 3086948
2014 "073" 3 3088456
2014 "073" 4 3090074
2014 "073" 5 3091869
2014 "073" 6 3093725
2014 "073" 7 3095624
2014 "073" 8 3097943
2014 "073" 9 3100227
2014 "073" 10 3102475
2014 "073" 11 3104580
2014 "073" 12 3106430
2014 "085" 1 1775933
2014 "085" 2 1776860
2014 "085" 3 1777728
2014 "085" 4 1778659
2014 "085" 5 1779692
2014 "085" 6 1780760
2014 "085" 7 1781853
2014 "085" 8 1783189
2014 "085" 9 1784503
2014 "085" 10 1785797
2014 "085" 11 1787009
2014 "085" 12 1788073
2015 "001" 1 1505583
2015 "001" 2 1506239
2015 "001" 3 1506976
2015 "001" 4 1507791
2015 "001" 5 1508643
2015 "001" 6 1509519
2015 "001" 7 1510483
2015 "001" 8 1511529
2015 "001" 9 1512579
2015 "001" 10 1513667
2015 "001" 11 1514569
2015 "001" 12 1515548
2015 "037" 1 9788253
2015 "037" 2 9792517
2015 "037" 3 9797307
2015 "037" 4 9802609
2015 "037" 5 9808147
2015 "037" 6 9813843
2015 "037" 7 9820111
2015 "037" 8 9826910
2015 "037" 9 9833737
2015 "037" 10 9840810
2015 "037" 11 9846677
2015 "037" 12 9853042
2015 "059" 1 3000945
2015 "059" 2 3002252
2015 "059" 3 3003721
2015 "059" 4 3005347
2015 "059" 5 3007044
2015 "059" 6 3008791
2015 "059" 7 3010712
2015 "059" 8 3012797
2015 "059" 9 3014890
2015 "059" 10 3017058
2015 "059" 11 3018857
2015 "059" 12 3020808
2015 "065" 1 2182974
2015 "065" 2 2183925
2015 "065" 3 2184994
2015 "065" 4 2186176
2015 "065" 5 2187411
2015 "065" 6 2188681
2015 "065" 7 2190079
2015 "065" 8 2191596
2015 "065" 9 2193118
2015 "065" 10 2194696
2015 "065" 11 2196004
2015 "065" 12 2197424
2015 "067" 1 1414347
2015 "067" 2 1414963
2015 "067" 3 1415656
2015 "067" 4 1416422
2015 "067" 5 1417222
2015 "067" 6 1418045
2015 "067" 7 1418951
2015 "067" 8 1419933
2015 "067" 9 1420919
2015 "067" 10 1421942
2015 "067" 11 1422789
2015 "067" 12 1423709
2015 "071" 1 2028911
2015 "071" 2 2029795
2015 "071" 3 2030788
2015 "071" 4 2031887
2015 "071" 5 2033035
2015 "071" 6 2034215
2015 "071" 7 2035515
2015 "071" 8 2036924
2015 "071" 9 2038339
2015 "071" 10 2039805
2015 "071" 11 2041021
2015 "071" 12 2042340
2015 "073" 1 3085721
2015 "073" 2 3087065
2015 "073" 3 3088575
2015 "073" 4 3090246
2015 "073" 5 3091992
2015 "073" 6 3093788
2015 "073" 7 3095764
2015 "073" 8 3097907
2015 "073" 9 3100059
2015 "073" 10 3102289
2015 "073" 11 3104139
2015 "073" 12 3106145
2015 "085" 1 1776153
2015 "085" 2 1776927
2015 "085" 3 1777796
2015 "085" 4 1778758
2015 "085" 5 1779763
2015 "085" 6 1780797
2015 "085" 7 1781934
2015 "085" 8 1783168
2015 "085" 9 1784407
2015 "085" 10 1785690
2015 "085" 11 1786755
2015 "085" 12 1787910
2016 "001" 1 1505575
2016 "001" 2 1506377
2016 "001" 3 1507129
2016 "001" 4 1507934
2016 "001" 5 1508775
2016 "001" 6 1509644
2016 "001" 7 1510613
2016 "001" 8 1511559
2016 "001" 9 1512509
2016 "001" 10 1513513
2016 "001" 11 1514365
2016 "001" 12 1515133
2016 "037" 1 9788199
2016 "037" 2 9793413
2016 "037" 3 9798304
2016 "037" 4 9803538
2016 "037" 5 9809006
2016 "037" 6 9814658
2016 "037" 7 9820958
2016 "037" 8 9827107
2016 "037" 9 9833279
2016 "037" 10 9839810
2016 "037" 11 9845350
2016 "037" 12 9850339
2016 "059" 1 3000929
2016 "059" 2 3002527
2016 "059" 3 3004027
2016 "059" 4 3005631
2016 "059" 5 3007308
2016 "059" 6 3009040
2016 "059" 7 3010972
2016 "059" 8 3012857
2016 "059" 9 3014749
2016 "059" 10 3016752
2016 "059" 11 3018450
2016 "059" 12 3019980
2016 "065" 1 2182962
2016 "065" 2 2184125
2016 "065" 3 2185216
2016 "065" 4 2186383
2016 "065" 5 2187603
2016 "065" 6 2188863
2016 "065" 7 2190268
2016 "065" 8 2191640
2016 "065" 9 2193016
2016 "065" 10 2194473
2016 "065" 11 2195708
2016 "065" 12 2196821
2016 "067" 1 1414340
2016 "067" 2 1415093
2016 "067" 3 1415800
2016 "067" 4 1416556
2016 "067" 5 1417346
2016 "067" 6 1418163
2016 "067" 7 1419073
2016 "067" 8 1419962
2016 "067" 9 1420853
2016 "067" 10 1421797
2016 "067" 11 1422598
2016 "067" 12 1423318
2016 "071" 1 2028900
2016 "071" 2 2029980
2016 "071" 3 2030994
2016 "071" 4 2032079
2016 "071" 5 2033213
2016 "071" 6 2034384
2016 "071" 7 2035690
2016 "071" 8 2036965
2016 "071" 9 2038244
2016 "071" 10 2039598
2016 "071" 11 2040746
2016 "071" 12 2041780
2016 "073" 1 3085704
2016 "073" 2 3087347
2016 "073" 3 3088889
2016 "073" 4 3090539
2016 "073" 5 3092263
2016 "073" 6 3094045
2016 "073" 7 3096031
2016 "073" 8 3097969
2016 "073" 9 3099915
2016 "073" 10 3101974
2016 "073" 11 3103720
2016 "073" 12 3105293
2016 "085" 1 1776144
2016 "085" 2 1777090
2016 "085" 3 1777977
2016 "085" 4 1778927
2016 "085" 5 1779919
2016 "085" 6 1780945
2016 "085" 7 1782088
2016 "085" 8 1783204
2016 "085" 9 1784324
2016 "085" 10 1785509
2016 "085" 11 1786514
2016 "085" 12 1787419
2017 "001" 1 1506352
2017 "001" 2 1506966
2017 "001" 3 1507592
2017 "001" 4 1508230
2017 "001" 5 1508958
2017 "001" 6 1509726
2017 "001" 7 1510579
2017 "001" 8 1511385
2017 "001" 9 1512226
2017 "001" 10 1513007
2017 "001" 11 1513730
2017 "001" 12 1514375
2017 "037" 1 9793254
2017 "037" 2 9797247
2017 "037" 3 9801314
2017 "037" 4 9805460
2017 "037" 5 9810196
2017 "037" 6 9815187
2017 "037" 7 9820737
2017 "037" 8 9825973
2017 "037" 9 9831444
2017 "037" 10 9836519
2017 "037" 11 9841219
2017 "037" 12 9845412
2017 "059" 1 3002478
2017 "059" 2 3003702
2017 "059" 3 3004949
2017 "059" 4 3006221
2017 "059" 5 3007673
2017 "059" 6 3009203
2017 "059" 7 3010904
2017 "059" 8 3012510
2017 "059" 9 3014187
2017 "059" 10 3015743
2017 "059" 11 3017184
2017 "059" 12 3018469
2017 "065" 1 2184090
2017 "065" 2 2184980
2017 "065" 3 2185887
2017 "065" 4 2186812
2017 "065" 5 2187868
2017 "065" 6 2188981
2017 "065" 7 2190219
2017 "065" 8 2191387
2017 "065" 9 2192607
2017 "065" 10 2193739
2017 "065" 11 2194787
2017 "065" 12 2195722
2017 "067" 1 1415070
2017 "067" 2 1415647
2017 "067" 3 1416235
2017 "067" 4 1416834
2017 "067" 5 1417518
2017 "067" 6 1418239
2017 "067" 7 1419041
2017 "067" 8 1419798
2017 "067" 9 1420588
2017 "067" 10 1421322
2017 "067" 11 1422001
2017 "067" 12 1422606
2017 "071" 1 2029948
2017 "071" 2 2030775
2017 "071" 3 2031618
2017 "071" 4 2032478
2017 "071" 5 2033459
2017 "071" 6 2034494
2017 "071" 7 2035644
2017 "071" 8 2036730
2017 "071" 9 2037864
2017 "071" 10 2038916
2017 "071" 11 2039890
2017 "071" 12 2040759
2017 "073" 1 3087297
2017 "073" 2 3088556
2017 "073" 3 3089838
2017 "073" 4 3091145
2017 "073" 5 3092638
2017 "073" 6 3094211
2017 "073" 7 3095961
2017 "073" 8 3097612
2017 "073" 9 3099336
2017 "073" 10 3100936
2017 "073" 11 3102418
2017 "073" 12 3103740
2017 "085" 1 1777061
2017 "085" 2 1777785
2017 "085" 3 1778523
2017 "085" 4 1779276
2017 "085" 5 1780135
2017 "085" 6 1781041
2017 "085" 7 1782048
2017 "085" 8 1782998
2017 "085" 9 1783991
2017 "085" 10 1784912
2017 "085" 11 1785764
2017 "085" 12 1786525
2018 "001" 1 1506939
2018 "001" 2 1507422
2018 "001" 3 1507927
2018 "001" 4 1508479
2018 "001" 5 1509089
2018 "001" 6 1509741
2018 "001" 7 1510454
2018 "001" 8 1511207
2018 "001" 9 1511953
2018 "001" 10 1512687
2018 "001" 11 1513334
2018 "001" 12 1513892
2018 "037" 1 9797070
2018 "037" 2 9800211
2018 "037" 3 9803495
2018 "037" 4 9807083
2018 "037" 5 9811050
2018 "037" 6 9815286
2018 "037" 7 9819922
2018 "037" 8 9824818
2018 "037" 9 9829666
2018 "037" 10 9834442
2018 "037" 11 9838644
2018 "037" 12 9842275
2018 "059" 1 3003648
2018 "059" 2 3004611
2018 "059" 3 3005618
2018 "059" 4 3006718
2018 "059" 5 3007934
2018 "059" 6 3009233
2018 "059" 7 3010654
2018 "059" 8 3012155
2018 "059" 9 3013642
2018 "059" 10 3015106
2018 "059" 11 3016394
2018 "059" 12 3017507
2018 "065" 1 2184941
2018 "065" 2 2185641
2018 "065" 3 2186374
2018 "065" 4 2187174
2018 "065" 5 2188059
2018 "065" 6 2189003
2018 "065" 7 2190037
2018 "065" 8 2191129
2018 "065" 9 2192210
2018 "065" 10 2193275
2018 "065" 11 2194213
2018 "065" 12 2195022
2018 "067" 1 1415621
2018 "067" 2 1416075
2018 "067" 3 1416550
2018 "067" 4 1417068
2018 "067" 5 1417641
2018 "067" 6 1418253
2018 "067" 7 1418923
2018 "067" 8 1419631
2018 "067" 9 1420331
2018 "067" 10 1421021
2018 "067" 11 1421629
2018 "067" 12 1422153
2018 "071" 1 2030739
2018 "071" 2 2031390
2018 "071" 3 2032070
2018 "071" 4 2032814
2018 "071" 5 2033636
2018 "071" 6 2034514
2018 "071" 7 2035475
2018 "071" 8 2036490
2018 "071" 9 2037495
2018 "071" 10 2038485
2018 "071" 11 2039356
2018 "071" 12 2040109
2018 "073" 1 3088500
2018 "073" 2 3089490
2018 "073" 3 3090526
2018 "073" 4 3091657
2018 "073" 5 3092907
2018 "073" 6 3094243
2018 "073" 7 3095704
2018 "073" 8 3097248
2018 "073" 9 3098776
2018 "073" 10 3100282
2018 "073" 11 3101606
2018 "073" 12 3102751
2018 "085" 1 1777753
2018 "085" 2 1778323
2018 "085" 3 1778919
2018 "085" 4 1779570
2018 "085" 5 1780290
2018 "085" 6 1781059
2018 "085" 7 1781900
2018 "085" 8 1782788
2018 "085" 9 1783668
2018 "085" 10 1784535
2018 "085" 11 1785297
2018 "085" 12 1785956
2019 "001" 1 1507111
2019 "001" 2 1507550
2019 "001" 3 1508002
2019 "001" 4 1508505
2019 "001" 5 1509066
2019 "001" 6 1509667
2019 "001" 7 1510330
2019 "001" 8 1511112
2019 "001" 9 1511887
2019 "001" 10 1512651
2019 "001" 11 1513328
2019 "001" 12 1513916
2019 "037" 1 9798190
2019 "037" 2 9801045
2019 "037" 3 9803978
2019 "037" 4 9807252
2019 "037" 5 9810895
2019 "037" 6 9814805
2019 "037" 7 9819114
2019 "037" 8 9824200
2019 "037" 9 9829240
2019 "037" 10 9834207
2019 "037" 11 9838603
2019 "037" 12 9842431
2019 "059" 1 3003992
2019 "059" 2 3004867
2019 "059" 3 3005766
2019 "059" 4 3006770
2019 "059" 5 3007887
2019 "059" 6 3009086
2019 "059" 7 3010407
2019 "059" 8 3011966
2019 "059" 9 3013511
2019 "059" 10 3015034
2019 "059" 11 3016382
2019 "059" 12 3017555
2019 "065" 1 2185191
2019 "065" 2 2185827
2019 "065" 3 2186481
2019 "065" 4 2187212
2019 "065" 5 2188024
2019 "065" 6 2188896
2019 "065" 7 2189857
2019 "065" 8 2190991
2019 "065" 9 2192115
2019 "065" 10 2193223
2019 "065" 11 2194203
2019 "065" 12 2195057
2019 "067" 1 1415783
2019 "067" 2 1416196
2019 "067" 3 1416620
2019 "067" 4 1417093
2019 "067" 5 1417619
2019 "067" 6 1418184
2019 "067" 7 1418807
2019 "067" 8 1419542
2019 "067" 9 1420270
2019 "067" 10 1420987
2019 "067" 11 1421623
2019 "067" 12 1422176
2019 "071" 1 2030971
2019 "071" 2 2031562
2019 "071" 3 2032171
2019 "071" 4 2032849
2019 "071" 5 2033604
2019 "071" 6 2034415
2019 "071" 7 2035308
2019 "071" 8 2036362
2019 "071" 9 2037407
2019 "071" 10 2038436
2019 "071" 11 2039348
2019 "071" 12 2040141
2019 "073" 1 3088853
2019 "073" 2 3089753
2019 "073" 3 3090678
2019 "073" 4 3091710
2019 "073" 5 3092859
2019 "073" 6 3094091
2019 "073" 7 3095450
2019 "073" 8 3097053
2019 "073" 9 3098642
2019 "073" 10 3100207
2019 "073" 11 3101593
2019 "073" 12 3102800
2019 "085" 1 1777957
2019 "085" 2 1778474
2019 "085" 3 1779007
2019 "085" 4 1779601
2019 "085" 5 1780262
2019 "085" 6 1780971
2019 "085" 7 1781753
2019 "085" 8 1782676
2019 "085" 9 1783591
2019 "085" 10 1784492
2019 "085" 11 1785290
2019 "085" 12 1785984
2020 NA 1 NA
